Years/Months;January;February;March;April;May;June;July;August;September;October;November;December;Average
2000;-2,2273;-0,0167;3,5782;11,9985;14,8862;19,505;24,4201;22,7521;18,9429;12,5103;7,99452;2,58441;11.41068583
2001;1,33818;2,82656;9,39918;11,3557;14,3194;20,0499;24,0996;23,7863;19,935;13,4379;6,44576;2,23381;12.4356075
2002;-2,7624;3,39462;6,9659;9,3694;14,6919;19,6276;23,3983;22,0991;18,8581;14,088;7,99285;-1,1794;11.37866417
2003;2,56179;-0,7979;2,40715;9,01957;16,6438;19,9352;22,7651;23,4095;18,1222;14,5014;6,87364;1,83561;11.439755
2004;-0,0198;1,27218;6,20878;10,1246;14,384;19,0872;22,378;22,4308;18,9501;14,5414;6,92705;1,59308;11.4897825
2005;0,88865;0,8467;5,11042;10,8135;15,2835;18,6818;23,5235;23,6989;18,799;12,0249;6,27085;3,28177;11.6019575
2006;-1,5777;1,0441;6,27866;11,4172;15,2768;20,4796;22,3445;24,7274;18,7635;13,8099;5,74585;0,47758;11.56561583
2007;0,18781;1,62666;5,92952;8,50593;17,1423;20,8617;23,9283;23,8997;19,7639;14,7722;6,67494;1,14977;12.03689417
2008;-3,2851;-0,5489;8,60373;12,8638;14,5046;20,2139;23,3437;24,3955;19,3063;13,6956;8,34376;1,3864;11.90194083
2009;0,45692;3,02333;4,96151;9,7467;15,0676;20,2181;22,6778;21,9457;17,806;15,2197;7,35832;4,84022;11.94349167
2010;2,47996;4,46217;7,29332;10,9073;16,086;20,034;23,7168;24,9475;20,8767;13,4832;10,2584;5,28946;13.3195675
2011;1,04841;1,64233;5,2493;9,30298;13,9667;18,9358;23,6325;22,7543;19,6616;12,0458;3,40738;1,94848;11.132965
2012;-0,8081;-1,6236;3,2022;12,2979;15,662;21,0919;24,0209;23,1503;20,2895;15,6532;9,26631;3,46181;12.13869333
2013;1,24986;3,93831;7,03061;11,6953;16,9554;19,9242;22,4444;23,0187;18,5914;11,7936;8,46511;-0,7358;12.03092417
2014;2,01536;3,88744;7,34613;11,82;15,3523;19,24;23,4589;24,2717;18,9419;13,4737;6,86662;4,85077;12.62706833
2015;0,46622;2,58163;5,52012;9,27031;15,381;17,8839;23,015;23,067;21,515;14,4935;8,454;0,97317;11.88507083
2016;0,46622;2,58163;5,52012;9,27031;15,381;17,8839;23,015;23,067;21,515;14,4935;8,454;0,97317;11.88507083
2017;0,46622;2,58163;5,52012;9,27031;15,381;17,8839;23,015;23,067;21,515;14,4935;8,454;0,97317;11.88507083

